                                     First 10 Observations from the heart csv file                                      

  Obs  age  sex  cp  trestbps  chol  fbs  restecg  thalach  exang  oldpeak  slope  ca  thal  target
    1   63    1   3       145   233    1        0      150      0      2.3      0   0     1       1
    2   37    1   2       130   250    0        1      187      0      3.5      0   0     2       1
    3   41    0   1       130   204    0        0      172      0      1.4      2   0     2       1
    4   56    1   1       120   236    0        1      178      0      0.8      2   0     2       1
    5   57    0   0       120   354    0        1      163      1      0.6      2   0     2       1
    6   57    1   0       140   192    0        1      148      0      0.4      1   0     1       1
    7   56    0   1       140   294    0        0      153      0      1.3      1   0     2       1
    8   44    1   1       120   263    0        1      173      0        0      2   0     3       1
    9   52    1   2       172   199    1        1      162      0      0.5      2   0     3       1
   10   57    1   2       150   168    0        1      174      0      1.6      2   0     2       1

... 50 more observations (showing 10 of 60)

                                     First 10 Observations from the heart csv file                                      


PROC CONTENTS
-------------------------------------------------------------------------------

Data Set Name: heart_csv
Observations:  60
Variables:     14

Variables (in alphabetical order):

  #  Variable  Type    Len  Format  Label
---  --------  ----  -----  ------  -----
  1  age        Num      8          
  2  ca         Num      8          
  3  chol       Num      8          
  4  cp         Num      8          
  5  exang      Num      8          
  6  fbs        Num      8          
  7  oldpeak    Num      8          
  8  restecg    Num      8          
  9  sex        Num      8          
 10  slope      Num      8          
 11  target     Num      8          
 12  thal       Num      8          
 13  thalach    Num      8          
 14  trestbps   Num      8          

-------------------------------------------------------------------------------

                                     First 10 Observations from the heart csv file                                      

                                                  The MEANS Procedure

 Variable        N            Mean        Std Dev         Minimum         Maximum
 --------------------------------------------------------------------------------
 age            60      52.8333333      8.6301927      34.0000000      71.0000000
 sex            60       0.6000000      0.4940322       0.0000000       1.0000000
 cp             60       1.4833333      0.9998587       0.0000000       3.0000000
 trestbps       60     133.1166667     14.1841301     104.0000000     172.0000000
 chol           60     246.0166667     52.1092372     141.0000000     417.0000000
 fbs            60       0.1333333      0.3428033       0.0000000       1.0000000
 restecg        60       0.5166667      0.5039393       0.0000000       1.0000000
 thalach        60     159.7666667     17.2365070     114.0000000     188.0000000
 exang          60       0.1333333      0.3428033       0.0000000       1.0000000
 oldpeak        60       0.8150000      0.8134099       0.0000000       3.5000000
 slope          60       1.6000000      0.6689227       0.0000000       2.0000000
 ca             60       0.2333333      0.5928005       0.0000000       3.0000000
 thal           60       2.0500000      0.4666868       0.0000000       3.0000000
 target         60       1.0000000      0.0000000       1.0000000       1.0000000
 --------------------------------------------------------------------------------

                                     First 10 Observations from the heart csv file                                      

                                      First 10 Observations after Standardization                                       

  Obs            age  sex  cp       trestbps           chol  fbs  restecg        thalach  exang        oldpeak  slope  ca           thal  target
    1   1.1780347234    1   3   0.8377907711  -0.2497957631    1        0  -0.5666267905      0   1.8256479065      0   0  -2.2499027216       1
    2  -1.8346442413    1   2  -0.2197291363   0.0764419813    0        1    1.579979822      0    3.300918942      0   0  -0.1071382248       1
    3  -1.3711551698    0   1  -0.2197291363  -0.8063189742    0        0    0.709733898      0   0.7191946298      2   0  -0.1071382248       1
    4   0.3669288483    1   1  -0.9247424079  -0.1922243965    0        1   1.0578322676      0  -0.0184408879      2   0  -0.1071382248       1
    5   0.4828011161    0   0  -0.9247424079    2.072249359    0        1   0.1875863436      1  -0.2643193939      2   0  -0.1071382248       1
    6   0.4828011161    1   0   0.4852841353  -1.0366044409    0        1  -0.6826595804      0  -0.5101978998      1   0  -2.2499027216       1
    7   0.3669288483    0   1   0.4852841353   0.9208220257    0        0  -0.3925776057      0   0.5962553769      1   0  -0.1071382248       1
    8  -1.0235383662    1   1  -0.9247424079   0.3259179035    0        1   0.7677502929      0  -1.0019549116      2   0    2.035626272       1
    9  -0.0965602232    1   2   2.7413266045   -0.902271252    1        1   0.1295699487      0  -0.3872586468      2   0    2.035626272       1
   10   0.4828011161    1   2   1.1902974069  -1.4971753742    0        1   0.8257666878      0   0.9650731357      2   0  -0.1071382248       1

... 50 more observations (showing 10 of 60)

                                             Clusters in Heart with 2-Means                                             


                                                 The FASTCLUS Procedure                                                 
                                   Replace=FULL  Radius=0  Maxclusters=2  Maxiter=100                                   

                                                    Cluster Summary                                                     

Cluster     Frequency        RMS Std   Maximum Distance        Nearest       Centroid
                           Deviation          from Seed        Cluster       Distance
--------------------------------------------------------------------------------
1                  18         0.7466             3.5409              2         2.5112
2                  42         0.7123             5.4148              1         2.5112

                                                     Cluster Means                                                      

Cluster               age            sex             cp       trestbps           chol            fbs        restecg        thalach          exang        oldpeak          slope             ca           thal         target
----------------------------------------------------------------------------------------------------------------------------------------------------------------------------------------------------------------------------
1                  0.8884         0.5000         2.2222         0.8652         0.2257         0.3333         0.5000        -0.5666         0.1667         0.6782         1.5556         0.5556         0.1309         1.0000
2                 -0.3807         0.6429         1.1667        -0.3708        -0.0967         0.0476         0.5238         0.2428         0.1190        -0.2907         1.6190         0.0952        -0.0561         1.0000

                                             Clusters in Heart with 3-Means                                             


                                                 The FASTCLUS Procedure                                                 
                                   Replace=FULL  Radius=0  Maxclusters=3  Maxiter=100                                   

                                                    Cluster Summary                                                     

Cluster     Frequency        RMS Std   Maximum Distance        Nearest       Centroid
                           Deviation          from Seed        Cluster       Distance
--------------------------------------------------------------------------------
1                  15         0.7121             3.6658              2         2.5391
2                  32         0.6033             3.6267              1         2.5391
3                  13         0.8368             4.6916              1         2.6745

                                                     Cluster Means                                                      

Cluster               age            sex             cp       trestbps           chol            fbs        restecg        thalach          exang        oldpeak          slope             ca           thal         target
----------------------------------------------------------------------------------------------------------------------------------------------------------------------------------------------------------------------------
1                  0.7145         0.4667         2.0667         1.0822         0.3400         0.3333         0.6000        -0.1992         0.1333         0.4651         1.8000         0.6000         0.4643         1.0000
2                 -0.3464         0.6250         1.0000        -0.3497         0.0854         0.0313         0.5313         0.4577         0.0625        -0.5909         1.8438         0.0937         0.0937         1.0000
3                  0.0282         0.6923         2.0000        -0.3878        -0.6026         0.1538         0.3846        -0.8969         0.3077         0.9178         0.7692         0.1538        -0.7665         1.0000

                                             Clusters in Heart with 4-Means                                             


                                                 The FASTCLUS Procedure                                                 
                                   Replace=FULL  Radius=0  Maxclusters=4  Maxiter=100                                   

                                                    Cluster Summary                                                     

Cluster     Frequency        RMS Std   Maximum Distance        Nearest       Centroid
                           Deviation          from Seed        Cluster       Distance
--------------------------------------------------------------------------------
1                  24         0.5974             3.6872              2         2.4092
2                  20         0.6810             5.0463              1         2.4092
3                   5         0.5673             2.3334              1         2.8252
4                  11         0.8015             3.8467              2         2.7844

                                                     Cluster Means                                                      

Cluster               age            sex             cp       trestbps           chol            fbs        restecg        thalach          exang        oldpeak          slope             ca           thal         target
----------------------------------------------------------------------------------------------------------------------------------------------------------------------------------------------------------------------------
1                 -0.5938         0.8333         0.9167        -0.2990        -0.2778         0.0000         0.5833         0.6300         0.0417        -0.5409         1.8333         0.0833         0.0714         1.0000
2                  0.6856         0.1500         1.6000         0.2597         0.8959         0.2000         0.4000        -0.4274         0.1000        -0.2643         1.7000         0.4000        -0.3214         1.0000
3                 -0.0502         1.0000         2.2000         1.3595        -0.8447         0.4000         0.8000         0.4313         0.2000         0.6454         2.0000        -0.0000         1.1785         1.0000
4                  0.0720         0.7273         2.1818        -0.4376        -0.6388         0.1818         0.4545        -0.7934         0.3636         1.3674         0.7273         0.3636        -0.1071         1.0000

                                             Clusters in Heart with 5-Means                                             


                                                 The FASTCLUS Procedure                                                 
                                   Replace=FULL  Radius=0  Maxclusters=5  Maxiter=100                                   

                                                    Cluster Summary                                                     

Cluster     Frequency        RMS Std   Maximum Distance        Nearest       Centroid
                           Deviation          from Seed        Cluster       Distance
--------------------------------------------------------------------------------
1                  16         0.5119             2.7491              5         2.0318
2                  11         0.6955             3.5641              5         2.4314
3                   3         0.5562             1.8802              1         3.3684
4                  10         0.7441             3.4706              5         2.6224
5                  20         0.6726             4.9664              1         2.0318

                                                     Cluster Means                                                      

Cluster               age            sex             cp       trestbps           chol            fbs        restecg        thalach          exang        oldpeak          slope             ca           thal         target
----------------------------------------------------------------------------------------------------------------------------------------------------------------------------------------------------------------------------
1                 -0.9511         0.8750         1.0625        -0.3960        -0.0651         0.0000         0.5000         1.0179         0.0625        -0.6101         1.9375         0.0625         0.0268         1.0000
2                  1.1675         0.2727         2.1818         1.0301         0.6696         0.3636         0.6364        -0.6879         0.0909         0.5739         1.6364         0.8182         0.0877         1.0000
3                 -0.4828         1.0000         2.3333         1.4723        -0.6912         0.3333         0.6667         0.4970         0.3333         0.4323         2.0000         0.0000         2.0356         1.0000
4                 -0.2124         0.7000         2.1000        -0.4735        -0.8505         0.2000         0.4000        -0.1431         0.4000         1.2601         0.8000         0.1000        -0.3214         1.0000
5                  0.2974         0.4500         1.0000        -0.2338         0.2127         0.0500         0.5000        -0.4390         0.0500        -0.5225         1.6500         0.1500        -0.2143         1.0000

                                     First 10 Observations of the Cluster Solution                                      

  Obs            age  sex  cp       trestbps           chol  fbs  restecg        thalach  exang        oldpeak  slope  ca           thal  target  CLUSTER  DISTANCE
    1   1.1780347234    1   3   0.8377907711  -0.2497957631    1        0  -0.5666267905      0   1.8256479065      0   0  -2.2499027216       1        4  3.277501
    2  -1.8346442413    1   2  -0.2197291363   0.0764419813    0        1    1.579979822      0    3.300918942      0   0  -0.1071382248       1        4  3.470577
    3  -1.3711551698    0   1  -0.2197291363  -0.8063189742    0        0    0.709733898      0   0.7191946298      2   0  -0.1071382248       1        1  1.915225
    4   0.3669288483    1   1  -0.9247424079  -0.1922243965    0        1   1.0578322676      0  -0.0184408879      2   0  -0.1071382248       1        1  1.638237
    5   0.4828011161    0   0  -0.9247424079    2.072249359    0        1   0.1875863436      1  -0.2643193939      2   0  -0.1071382248       1        5   2.63494
    6   0.4828011161    1   0   0.4852841353  -1.0366044409    0        1  -0.6826595804      0  -0.5101978998      1   0  -2.2499027216       1        5  2.884102
    7   0.3669288483    0   1   0.4852841353   0.9208220257    0        0  -0.3925776057      0   0.5962553769      1   0  -0.1071382248       1        5  1.786374
    8  -1.0235383662    1   1  -0.9247424079   0.3259179035    0        1   0.7677502929      0  -1.0019549116      2   0    2.035626272       1        1  2.229478
    9  -0.0965602232    1   2   2.7413266045   -0.902271252    1        1   0.1295699487      0  -0.3872586468      2   0    2.035626272       1        3  1.840839
   10   0.4828011161    1   2   1.1902974069  -1.4971753742    0        1   0.8257666878      0   0.9650731357      2   0  -0.1071382248       1        4  2.617559

... 50 more observations (showing 10 of 60)

